---
build/favicon-16x16.png: 2018-06-27 11:15:48.149498596 -04:00
build/apple-icon.png: 2018-06-27 11:15:48.172296682 -04:00
build/apple-icon-144x144.png: 2018-06-27 11:15:48.163271039 -04:00
build/android-icon-192x192.png: 2018-06-27 11:15:48.177093317 -04:00
build/apple-icon-precomposed.png: 2018-06-27 11:15:48.177046851 -04:00
build/apple-icon-114x114.png: 2018-06-27 11:15:48.123271319 -04:00
build/ms-icon-310x310.png: 2018-06-27 11:15:48.406526209 -04:00
build/ms-icon-144x144.png: 2018-06-27 11:15:48.157678622 -04:00
build/apple-icon-57x57.png: 2018-06-27 11:15:48.306026077 -04:00
build/apple-icon-152x152.png: 2018-06-27 11:15:48.470342026 -04:00
build/ms-icon-150x150.png: 2018-06-27 11:15:48.475453340 -04:00
build/android-icon-72x72.png: 2018-06-27 11:15:48.565891947 -04:00
build/android-icon-96x96.png: 2018-06-27 11:15:48.565891510 -04:00
build/android-icon-36x36.png: 2018-06-27 11:15:48.693004097 -04:00
build/apple-icon-180x180.png: 2018-06-27 11:15:48.745978480 -04:00
build/favicon-96x96.png: 2018-06-27 11:15:48.680079267 -04:00
build/android-icon-48x48.png: 2018-06-27 11:15:48.893720298 -04:00
build/apple-icon-76x76.png: 2018-06-27 11:15:48.819002466 -04:00
build/apple-icon-60x60.png: 2018-06-27 11:15:48.835962144 -04:00
build/assets/img/sprite-action-black.png: 2018-05-08 12:32:53.610411370 -04:00
build/assets/img/scene7/ZoomOutButton_light_sprite.png: 2018-06-27 11:15:49.174836362
  -04:00
build/assets/img/scene7/ZoomResetButton_light_sprite.png: 2018-06-27 11:15:49.044448505
  -04:00
build/assets/img/scene7/FullScreenButton_light_sprite.png: 2018-06-27 11:15:49.315963268
  -04:00
build/assets/img/scene7/ZoomInButton_light_sprite.png: 2018-06-27 11:15:49.323907614
  -04:00
build/assets/img/ic_info_outline_black.png: 2018-05-08 12:32:53.608121133 -04:00
build/assets/img/ic_forward_white.png: 2018-05-08 12:32:53.607973210 -04:00
build/assets/img/ic_arrow_drop_up_black.png: 2018-05-08 12:32:53.607326476 -04:00
build/assets/img/ic_forward.png: 2018-05-08 12:32:53.607819230 -04:00
build/assets/img/ic_zoom_in_white.png: 2018-05-08 12:32:53.608812999 -04:00
build/assets/img/ic_arrow_drop_down_black.png: 2018-05-08 12:32:53.607052698 -04:00
build/assets/img/shapes.svg: 2018-05-08 12:32:53.610178159 -04:00
build/assets/img/ic_visibility.png: 2018-05-08 12:32:53.608376651 -04:00
build/assets/img/ic_phone_black.png: 2018-05-08 12:32:53.608256202 -04:00
build/assets/img/svgs/logo.svg: 2018-06-27 11:15:49.892871195 -04:00
build/assets/img/ic_zoom_in.png: 2018-05-08 12:32:53.608675800 -04:00
build/assets/img/logo-small.png: 2018-06-27 11:15:49.715860499 -04:00
build/assets/img/ic_email_black.png: 2018-05-08 12:32:53.607642081 -04:00
build/assets/img/ic_visibility_white.png: 2018-05-08 12:32:53.608534449 -04:00
build/assets/img/ic_cancel_black.png: 2018-05-08 12:32:53.607492655 -04:00
build/assets/img/logo_placeholder.gif: 2018-06-27 11:15:49.882337879 -04:00
build/android-icon-144x144.png: 2018-06-27 11:15:50.022517515 -04:00
build/apple-icon-72x72.png: 2018-06-27 11:15:49.979397410 -04:00
build/apple-icon-120x120.png: 2018-06-27 11:15:50.038259461 -04:00
build/favicon-32x32.png: 2018-06-27 11:15:50.074558677 -04:00
build/ms-icon-70x70.png: 2018-06-27 11:15:50.025197624 -04:00
